100
-25331 -32487
28180 22128
-32135 16534
-16626 -30625
13919 -27306
-13750 -439
-8737 -14165
-25557 -19976
-10120 2050
-32218 26142
-22714 -27178
25312 30403
6859 -10554
-4799 -15824
23673 19381
12167 10208
9577 -17531
-25095 23482
21211 -5451
-2442 27468
32137 -9890
25546 -21765
-17021 11587
-30397 1093
3741 8419
26265 13991
17102 -26243
2205 10695
-13831 -7998
-6002 3537
-32033 -28567
21830 22438
-26470 10926
-22156 -10575
-25027 714
22619 22755
-6120 28294
-6127 32694
-20723 5590
29493 4227
7015 -12011
25514 -5023
-6349 -30908
653 -13599
16746 -15729
2601 12450
11564 26560
15192 11809
8812 -19131
-13634 20350
-26717 -30914
-10966 -13615
-2751 -10581
-7517 18749
-26262 9839
17105 -5893
-15855 24166
-9150 -2580
-20096 -22096
-20314 20233
6763 11686
4107 -7283
13144 -25024
-7826 -12566
438 21399
-9300 27206
14076 23509
10283 -44
-4851 11139
26705 -25429
8649 22974
4348 -931
-14665 21419
23735 -5954
-4376 32211
26318 -18392
9106 8710
7223 -31178
-9076 -24951
-25074 -18083
27728 -11663
27777 28814
7806 -20458
25959 -24698
22357 -15162
-31073 19825
-23463 -9363
-5454 -28937
-26414 -22665
12504 -15239
11528 -26991
-4420 -31181
-16435 7336
28303 -28822
20471 -12859
32076 -12409
-12465 30776
20462 2141
-28750 914
15160 4861
