100
24643 -13823
-26554 -15024
-5141 -4014
3368 3756
736 29533
7446 3930
-5326 5711
6296 -18417
-5063 -9370
23237 -18621
-29066 -21641
-5122 -18909
-21381 -13149
-10102 -2387
20816 -10063
-26540 28793
1480 15087
17244 13882
32613 11001
10876 20682
-24182 12462
-2975 -20925
19275 13183
-20985 -23580
18918 17917
-4968 -14989
-14935 -17189
-25085 -1104
13395 -2163
16303 -11127
-18420 13847
27152 -13157
52 27459
20988 -539
-8268 32410
-18822 -21830
-14150 10196
-18427 12085
-7681 18441
-27498 12727
-4285 4097
4631 -31466
24790 -25373
17541 17035
-30603 28642
-7495 -6226
-22518 -13958
-21168 -14556
24005 17001
15668 4951
3357 26914
25598 -123
-5791 -8888
31625 -383
32339 16425
-26038 -27319
30652 12894
-13522 25026
-24194 -10549
-27028 -28724
14008 22767
-19112 28452
19324 -16860
-2951 10364
-11828 -32489
20457 29224
4997 21169
-28136 -21624
6078 18520
-3589 19547
-5256 8381
-12509 21432
29707 26416
3097 909
-4358 -12230
25843 14310
7209 22820
-7449 15462
22205 -15808
27420 -19530
12546 -17682
30533 -7951
-4915 20454
-10875 -23428
-15051 21694
-2368 -19608
-2337 17674
21423 -6333
-12854 17795
-28695 15116
25054 4248
22936 27107
22520 -25687
-9938 -16087
-21789 16600
-19956 -29178
-4059 1459
-4969 -5952
3442 13057
-18878 -244
